16
-4682 -5249
-4532 -1198
-2858 -2752
-2651 -3388
-2095 5582
-1113 5524
-972 -3013
-428 317
-178 -4871
238 -417
1307 2
1408 3665
1449 2549
3267 -5420
3303 275
4764 -5917
301
-6020 1491
-5962 4267
-5942 -1347
-5875 4809
-5703 -4924
-5693 -65
-5544 1753
-5528 5486
-5518 5281
-5465 921
-5377 -3448
-5335 4230
-5307 3895
-5303 -5443
-5258 1474
-5236 -3793
-5235 3850
-5235 4918
-5206 4627
-5194 -1864
-5066 -381
-5003 -4119
-4852 5771
-4831 126
-4774 -4977
-4767 4759
-4692 3546
-4642 -3732
-4641 -5135
-4546 -3914
-4306 -2380
-4304 3071
-4300 -2314
-4278 1582
-4275 -3847
-4229 4855
-4177 -3684
-4122 -2118
-4104 -5340
-4075 103
-4014 -103
-3986 2186
-3941 5479
-3925 4339
-3898 -3451
-3811 -714
-3759 -300
-3669 2867
-3643 3190
-3640 4823
-3636 -3613
-3636 3956
-3621 -1080
-3583 380
-3579 3555
-3522 -761
-3425 -2878
-3421 1923
-3415 -3825
-3397 1044
-3336 -670
-3274 4079
-3271 3227
-3231 -4962
-3197 3340
-3096 3736
-3057 50
-3035 -2421
-3029 5603
-2970 -3200
-2856 3845
-2841 -810
-2780 4791
-2754 4742
-2746 3609
-2740 -4880
-2740 3983
-2738 3040
-2674 -4596
-2667 165
-2641 4962
-2548 -5417
-2454 -2375
-2445 -1015
-2339 3730
-2336 -5997
-2321 3836
-2312 -3506
-2285 3319
-2247 -3491
-2214 -3792
-2167 -1155
-2152 1193
-2145 5502
-2108 4211
-2054 -4242
-2041 -4656
-2034 -5529
-2007 -3722
-1991 2497
-1951 395
-1900 2313
-1733 1674
-1643 3122
-1631 2407
-1610 -3279
-1599 1252
-1581 4893
-1571 2565
-1558 -1469
-1530 -1381
-1465 3143
-1458 197
-1455 -5420
-1404 -1034
-1384 -3283
-1373 1773
-1345 6014
-1314 -5453
-1278 -787
-1225 2715
-1206 -3302
-1199 -2488
-1120 5195
-1055 -4073
-1029 -1501
-949 658
-948 -545
-937 -2775
-905 -5644
-894 4724
-849 291
-809 -3134
-686 -4342
-684 -2474
-622 -1824
-598 -3475
-470 2471
-468 4931
-366 -5085
-303 1643
-294 -2108
-270 -4906
-207 3156
-176 -2469
-136 -4062
-110 4843
-72 -2804
-71 -2256
-39 -3585
-28 -4498
28 -5845
106 -233
110 1197
252 -945
258 4473
276 -3705
344 5620
369 -4676
445 -4596
491 3273
508 4218
533 -2306
550 3222
592 -147
599 -3169
694 4464
754 1661
767 3049
800 3909
818 -990
853 -1727
854 -4632
868 3090
967 -3586
970 -4865
1020 1431
1051 1683
1152 -5109
1173 1026
1180 3974
1184 4123
1290 597
1342 3174
1356 -3377
1412 -5641
1442 -1355
1442 -223
1494 -5216
1513 3986
1524 -3340
1582 300
1595 142
1599 2080
1625 -1119
1704 -5999
1725 -2952
1756 1066
1797 381
1805 -4672
1816 -4592
1878 1376
2001 -1203
2037 4933
2116 2573
2171 -3810
2202 -5172
2214 -4200
2269 -3265
2344 2711
2368 5652
2426 -767
2660 -5482
2737 -4267
2802 133
2825 1623
2876 -1039
2902 3069
2905 -2281
2908 -477
2953 768
2965 2184
2972 -5099
2982 4855
3021 -1050
3032 -1703
3094 5823
3154 5809
3165 -181
3296 -651
3306 -2114
3379 4328
3435 1775
3436 -5595
3470 3209
3604 2063
3607 3490
3615 -2275
3730 -528
3833 2418
3910 5777
3913 -5048
3944 -4269
3947 3914
3971 5543
3990 -3426
4094 2489
4119 -5596
4124 -176
4153 4370
4167 1099
4189 -3060
4321 -3561
4331 -3932
4334 -1325
4341 3567
4428 1237
4446 3476
4515 1921
4610 -1214
4623 3495
4644 -5421
4660 3029
4693 583
4751 -807
4758 -373
4780 -3818
4781 -3757
4826 948
4835 -5181
4877 1545
4909 -2190
4909 2497
4952 -2391
4977 1123
5005 -514
5020 -2660
5158 322
5256 -2937
5271 3408
5280 5154
5284 4091
5286 -2866
5391 -1160
5460 -1511
5463 -5940
5507 5526
5529 106
5547 5388
5550 -3988
5622 516
5656 5127
5659 -3495
5725 5037
5730 -4285
5735 -4013
5738 3339
5914 5346
5983 -4560
6009 -4921
6019 5141
9
-5539 1392
-4576 1920
-2686 121
-2375 -2504
-614 1089
-541 -5782
304 3108
4597 2262
4735 1044
