11
-3987 -3342
-3439 7093
-2819 -4724
-1865 8086
908 845
1586 -6432
1987 -2218
4032 6815
6046 4552
8168 -5439
8371 -6869
361
-8562 -5084
-8561 -6813
-8513 -3469
-8413 2074
-8324 -7434
-8277 7117
-8187 -2133
-8180 5937
-8034 -6240
-7909 -3696
-7894 4227
-7863 -2409
-7806 2518
-7715 -7517
-7712 5790
-7702 -4190
-7619 2685
-7608 4814
-7543 -6673
-7538 -1201
-7536 4358
-7496 2781
-7480 1498
-7462 -3727
-7408 6787
-7363 1139
-7333 -688
-7299 -6255
-7231 8149
-7221 1090
-7178 3501
-7173 -1297
-7169 -3841
-7138 2307
-7090 -5433
-7063 1855
-7014 7944
-6990 1227
-6983 4910
-6940 3623
-6860 1254
-6818 5077
-6741 -937
-6585 5059
-6573 2709
-6504 -4926
-6405 2848
-6375 -3539
-6361 -1768
-6348 1395
-6278 8472
-6270 250
-6232 -7756
-6217 -73
-6206 2192
-6128 -5745
-6116 7523
-6112 6218
-6085 1893
-6064 -5289
-6062 -590
-5984 -1501
-5968 8085
-5859 -5663
-5856 -251
-5756 -6328
-5690 321
-5687 -6338
-5661 2053
-5657 4228
-5652 -782
-5602 530
-5573 -940
-5567 2653
-5556 -6396
-5449 6951
-5375 4234
-5318 -4051
-5302 6113
-5279 1345
-5146 5535
-5101 -308
-5065 -1966
-4899 7874
-4878 -748
-4877 -1297
-4827 -3063
-4790 1541
-4771 908
-4766 -1186
-4657 1375
-4525 4653
-4516 3445
-4449 -8200
-4402 796
-4383 6426
-4272 6909
-4269 936
-4238 -1316
-4222 1639
-4203 -5943
-4158 3542
-4143 -808
-4129 -8172
-4020 -3798
-3982 7794
-3950 -7372
-3950 -1087
-3888 2021
-3859 6182
-3660 6635
-3635 -7738
-3603 -3378
-3582 -1685
-3573 -1594
-3532 -2863
-3522 -7084
-3449 -7028
-3386 4616
-3358 173
-3251 7756
-3214 2796
-3106 2016
-2969 -2658
-2870 4175
-2818 2573
-2814 -2594
-2797 4574
-2792 2060
-2749 -1362
-2687 2859
-2642 -1788
-2640 -3375
-2491 4479
-2442 4810
-2372 6982
-2350 -4793
-2316 -714
-2250 3257
-2128 -7882
-2117 1811
-2091 6036
-1920 -402
-1873 -6785
-1810 3344
-1745 -4268
-1739 -580
-1730 -6430
-1706 2374
-1696 -5196
-1675 1504
-1620 -1176
-1601 4511
-1573 6569
-1546 5983
-1483 -3898
-1476 -4907
-1350 2493
-1225 3680
-1180 2286
-1176 -5357
-1156 2129
-989 -2547
-968 -130
-956 1887
-891 1966
-877 -5787
-841 996
-813 -2257
-803 3009
-723 -4577
-693 1565
-690 7825
-668 7391
-659 -7503
-592 804
-590 -272
-537 4688
-504 -4995
-461 4647
-446 1513
-378 -1115
-349 3972
-333 -4092
-319 689
-135 -8487
-135 -4786
35 -6093
185 -814
185 3816
277 495
322 4883
341 -6776
347 -5108
437 -2499
535 -3738
598 -2044
648 -4601
689 -7426
697 7239
712 5727
743 -1695
887 -8301
901 2558
916 7092
926 -3834
1014 -472
1065 8257
1069 1486
1136 -1614
1136 384
1144 -4041
1168 -7540
1187 -2685
1232 -7800
1253 364
1307 7696
1325 1946
1546 5537
1712 3989
1716 -358
1777 4886
1801 4052
1851 5344
1885 7165
1958 -6653
1985 -764
2011 2499
2014 5995
2170 142
2195 7870
2254 -6910
2254 -3630
2281 426
2321 -7311
2370 8116
2425 1575
2433 -3515
2513 4675
2673 -6897
2739 -5356
2778 -7216
2856 7284
2865 -5634
2943 1924
2970 645
2972 -7640
2990 -2042
3007 -2562
3016 -5878
3047 -4290
3064 -2781
3079 6032
3106 2054
3197 1510
3201 2121
3216 -1774
3235 1710
3347 7543
3388 6511
3551 6305
3567 -1144
3578 -431
3657 6755
3685 -731
3736 4439
3837 6975
3863 -124
3876 3537
3948 257
3950 -348
3957 -1829
3970 5893
4050 3881
4051 -7346
4102 -8209
4117 -7767
4168 3234
4311 -3355
4322 -1127
4365 3583
4422 -7302
4491 477
4514 -1696
4527 8457
4547 -6073
4605 -3467
4721 6878
4748 -4403
4966 -6023
5026 -25
5070 4450
5092 -6641
5136 -3543
5165 -1755
5192 -17
5194 5148
5232 5556
5273 -4075
5287 6058
5367 3361
5417 -2267
5430 3764
5463 6941
5484 -1061
5529 -5401
5705 5278
5732 -5338
5833 8020
5878 -911
5891 5202
5975 807
6026 4599
6033 1637
6097 4962
6223 769
6236 1867
6246 -1191
6268 -3009
6277 1289
6294 -192
6311 1938
6341 -8084
6345 -6789
6369 8400
6469 1237
6629 1292
6656 -5468
6697 -2419
6698 8533
6727 -1006
6752 -6287
6758 -3879
6782 4437
6800 6762
6835 1872
6842 7400
6962 2460
7025 8145
7166 8489
7260 4656
7369 7097
7474 7367
7536 -6205
7552 7600
7640 -1843
7644 4127
7677 5626
7809 -4968
7818 -7943
7891 -4909
7895 -2457
7930 6878
7939 -5393
7986 -1540
8086 -4403
8140 -4377
8336 4686
8417 1574
8481 7385
8516 -5287
8
-5699 -6659
-4723 -3743
-3388 6473
-358 -4177
3347 -6788
4086 -3448
6539 2913
7462 4282





2
-3 0
-3 10
4
-2 0
-2 10
5 10
5 0
2
0 0
0 10



1
10 10

4
0 5
5 0
-5 0
0 -5

1
0 0



3
-321 -359
-293 -615
668 370
122
-741 -132
-719 -749
-633 478
-624 400
-598 -630
-583 -4
-580 -467
-577 312
-549 -625
-542 423
-515 325
-508 -421
-496 324
-482 634
-441 468
-433 85
-433 111
-428 -567
-415 228
-406 306
-374 -177
-371 -723
-359 -452
-331 255
-319 -52
-314 467
-304 585
-298 258
-291 -720
-289 320
-284 351
-280 -665
-257 402
-244 15
-240 -177
-225 515
-219 713
-173 -587
-173 -431
-154 -497
-145 373
-131 -619
-120 747
-111 505
-98 -257
-78 630
-74 444
-69 387
-59 717
-43 -303
-42 147
-19 311
-18 -671
-8 -603
-1 570
4 104
40 8
51 -669
59 317
59 552
82 624
84 709
87 -455
92 -109
93 -221
99 29
109 518
111 714
113 -240
114 419
118 -533
164 389
165 -276
165 -167
184 -171
211 -651
220 384
221 -598
249 173
285 119
291 -694
295 713
297 14
304 -28
311 -364
333 -581
340 523
346 -499
357 568
360 -354
370 -552
377 -748
379 -39
401 471
409 745
421 -267
431 118
462 541
463 -457
471 582
497 473
526 747
538 351
546 -155
602 20
603 -605
603 -288
605 -529
605 189
612 385
642 -642
643 194
650 439
657 -73
689 194
692 -36
692 326
694 -532
701 80
739 52
744 641
752 -622
7
-751 29
-509 247
137 -647
202 -329
243 -581
571 326
695 -680
