1
-3599 4370
51
-8542 7561
-7871 886
-7625 5387
-7466 5653
-7235 9090
-7133 -7774
-7012 -7813
-6689 8476
-5341 -5914
-5337 -122
-4606 6330
-4332 4639
-4253 5074
-4054 8323
-3710 -3685
-3535 -5612
-2173 2449
-1504 -8299
-1314 8630
-1175 -4253
-1093 -585
-972 4562
-665 6300
-592 -7177
-502 -7358
-270 4
154 5141
1129 5609
1143 1435
1417 8245
1525 -39
1895 4267
2391 4093
2589 6990
3182 6207
3903 -2626
4173 7722
4899 -234
4944 -6782
4975 -2014
5171 -8000
5337 -7036
6466 2623
6665 -3574
7023 -7600
7136 3092
7278 -5677
8222 5894
8675 1513
8830 8898
8912 -2513
10
-2662 5176
-2217 6266
-1419 5334
-1057 -5491
1097 5380
3203 -4782
4255 -8079
6138 -1981
6341 -6387
7871 -964






4
1 1
2 2
3 3
4 4
15
341 2
4 212
1 3
2 6
1 3

3 2
430 1
0 3
34 4312
5 3

5 1
253 4
2 3432
5 0
4 3


2
0 0
2 0










3
-2 1
-3 2
4 -4
6
5 0
5 3
-2 -4
5 4
-1 -2
-2 -1
2
0 3
-5 4
